22
22 -51.0 051.0 -49.0 051.0 -41.0 051.0 -39.0 051.0 -31.0 051.0 -29.0 051.0 -21.0 051.0 -19.0 051.0 -11.0 051.0 -09.0 051.0 -01.0 051.0 001.0 051.0 009.0 051.0 011.0 051.0 019.0 051.0 021.0 051.0 029.0 051.0 031.0 051.0 039.0 051.0 041.0 051.0 049.0 051.0 051.0 051.0 
22 -51.0 049.0 -49.0 049.0 -41.0 049.0 -39.0 049.0 -31.0 049.0 -29.0 049.0 -21.0 049.0 -19.0 049.0 -11.0 049.0 -09.0 049.0 -01.0 049.0 001.0 049.0 009.0 049.0 011.0 049.0 019.0 049.0 021.0 049.0 029.0 049.0 031.0 049.0 039.0 049.0 041.0 049.0 049.0 049.0 051.0 049.0 
22 -51.0 041.0 -49.0 041.0 -41.0 041.0 -39.0 041.0 -31.0 041.0 -29.0 041.0 -21.0 041.0 -19.0 041.0 -11.0 041.0 -09.0 041.0 -01.0 041.0 001.0 041.0 009.0 041.0 011.0 041.0 019.0 041.0 021.0 041.0 029.0 041.0 031.0 041.0 039.0 041.0 041.0 041.0 049.0 041.0 051.0 041.0 
22 -51.0 039.0 -49.0 039.0 -41.0 039.0 -39.0 039.0 -31.0 039.0 -29.0 039.0 -21.0 039.0 -19.0 039.0 -11.0 039.0 -09.0 039.0 -01.0 039.0 001.0 039.0 009.0 039.0 011.0 039.0 019.0 039.0 021.0 039.0 029.0 039.0 031.0 039.0 039.0 039.0 041.0 039.0 049.0 039.0 051.0 039.0 
22 -51.0 031.0 -49.0 031.0 -41.0 031.0 -39.0 031.0 -31.0 031.0 -29.0 031.0 -21.0 031.0 -19.0 031.0 -11.0 031.0 -09.0 031.0 -01.0 031.0 001.0 031.0 009.0 031.0 011.0 031.0 019.0 031.0 021.0 031.0 029.0 031.0 031.0 031.0 039.0 031.0 041.0 031.0 049.0 031.0 051.0 031.0 
22 -51.0 029.0 -49.0 029.0 -41.0 029.0 -39.0 029.0 -31.0 029.0 -29.0 029.0 -21.0 029.0 -19.0 029.0 -11.0 029.0 -09.0 029.0 -01.0 029.0 001.0 029.0 009.0 029.0 011.0 029.0 019.0 029.0 021.0 029.0 029.0 029.0 031.0 029.0 039.0 029.0 041.0 029.0 049.0 029.0 051.0 029.0 
22 -51.0 021.0 -49.0 021.0 -41.0 021.0 -39.0 021.0 -31.0 021.0 -29.0 021.0 -21.0 021.0 -19.0 021.0 -11.0 021.0 -09.0 021.0 -01.0 021.0 001.0 021.0 009.0 021.0 011.0 021.0 019.0 021.0 021.0 021.0 029.0 021.0 031.0 021.0 039.0 021.0 041.0 021.0 049.0 021.0 051.0 021.0 
22 -51.0 019.0 -49.0 019.0 -41.0 019.0 -39.0 019.0 -31.0 019.0 -29.0 019.0 -21.0 019.0 -19.0 019.0 -11.0 019.0 -09.0 019.0 -01.0 019.0 001.0 019.0 009.0 019.0 011.0 019.0 019.0 019.0 021.0 019.0 029.0 019.0 031.0 019.0 039.0 019.0 041.0 019.0 049.0 019.0 051.0 019.0 
22 -51.0 011.0 -49.0 011.0 -41.0 011.0 -39.0 011.0 -31.0 011.0 -29.0 011.0 -21.0 011.0 -19.0 011.0 -11.0 011.0 -09.0 011.0 -01.0 011.0 001.0 011.0 009.0 011.0 011.0 011.0 019.0 011.0 021.0 011.0 029.0 011.0 031.0 011.0 039.0 011.0 041.0 011.0 049.0 011.0 051.0 011.0 
22 -51.0 009.0 -49.0 009.0 -41.0 009.0 -39.0 009.0 -31.0 009.0 -29.0 009.0 -21.0 009.0 -19.0 009.0 -11.0 009.0 -09.0 009.0 -01.0 009.0 001.0 009.0 009.0 009.0 011.0 009.0 019.0 009.0 021.0 009.0 029.0 009.0 031.0 009.0 039.0 009.0 041.0 009.0 049.0 009.0 051.0 009.0 
22 -51.0 001.0 -49.0 001.0 -41.0 001.0 -39.0 001.0 -31.0 001.0 -29.0 001.0 -21.0 001.0 -19.0 001.0 -11.0 001.0 -09.0 001.0 -01.0 001.0 001.0 001.0 009.0 001.0 011.0 001.0 019.0 001.0 021.0 001.0 029.0 001.0 031.0 001.0 039.0 001.0 041.0 001.0 049.0 001.0 051.0 001.0 
22 -51.0 -01.0 -49.0 -01.0 -41.0 -01.0 -39.0 -01.0 -31.0 -01.0 -29.0 -01.0 -21.0 -01.0 -19.0 -01.0 -11.0 -01.0 -09.0 -01.0 -01.0 -01.0 001.0 -01.0 009.0 -01.0 011.0 -01.0 019.0 -01.0 021.0 -01.0 029.0 -01.0 031.0 -01.0 039.0 -01.0 041.0 -01.0 049.0 -01.0 051.0 -01.0 
22 -51.0 -09.0 -49.0 -09.0 -41.0 -09.0 -39.0 -09.0 -31.0 -09.0 -29.0 -09.0 -21.0 -09.0 -19.0 -09.0 -11.0 -09.0 -09.0 -09.0 -01.0 -09.0 001.0 -09.0 009.0 -09.0 011.0 -09.0 019.0 -09.0 021.0 -09.0 029.0 -09.0 031.0 -09.0 039.0 -09.0 041.0 -09.0 049.0 -09.0 051.0 -09.0 
22 -51.0 -11.0 -49.0 -11.0 -41.0 -11.0 -39.0 -11.0 -31.0 -11.0 -29.0 -11.0 -21.0 -11.0 -19.0 -11.0 -11.0 -11.0 -09.0 -11.0 -01.0 -11.0 001.0 -11.0 009.0 -11.0 011.0 -11.0 019.0 -11.0 021.0 -11.0 029.0 -11.0 031.0 -11.0 039.0 -11.0 041.0 -11.0 049.0 -11.0 051.0 -11.0 
22 -51.0 -19.0 -49.0 -19.0 -41.0 -19.0 -39.0 -19.0 -31.0 -19.0 -29.0 -19.0 -21.0 -19.0 -19.0 -19.0 -11.0 -19.0 -09.0 -19.0 -01.0 -19.0 001.0 -19.0 009.0 -19.0 011.0 -19.0 019.0 -19.0 021.0 -19.0 029.0 -19.0 031.0 -19.0 039.0 -19.0 041.0 -19.0 049.0 -19.0 051.0 -19.0 
22 -51.0 -21.0 -49.0 -21.0 -41.0 -21.0 -39.0 -21.0 -31.0 -21.0 -29.0 -21.0 -21.0 -21.0 -19.0 -21.0 -11.0 -21.0 -09.0 -21.0 -01.0 -21.0 001.0 -21.0 009.0 -21.0 011.0 -21.0 019.0 -21.0 021.0 -21.0 029.0 -21.0 031.0 -21.0 039.0 -21.0 041.0 -21.0 049.0 -21.0 051.0 -21.0 
22 -51.0 -29.0 -49.0 -29.0 -41.0 -29.0 -39.0 -29.0 -31.0 -29.0 -29.0 -29.0 -21.0 -29.0 -19.0 -29.0 -11.0 -29.0 -09.0 -29.0 -01.0 -29.0 001.0 -29.0 009.0 -29.0 011.0 -29.0 019.0 -29.0 021.0 -29.0 029.0 -29.0 031.0 -29.0 039.0 -29.0 041.0 -29.0 049.0 -29.0 051.0 -29.0 
22 -51.0 -31.0 -49.0 -31.0 -41.0 -31.0 -39.0 -31.0 -31.0 -31.0 -29.0 -31.0 -21.0 -31.0 -19.0 -31.0 -11.0 -31.0 -09.0 -31.0 -01.0 -31.0 001.0 -31.0 009.0 -31.0 011.0 -31.0 019.0 -31.0 021.0 -31.0 029.0 -31.0 031.0 -31.0 039.0 -31.0 041.0 -31.0 049.0 -31.0 051.0 -31.0 
22 -51.0 -39.0 -49.0 -39.0 -41.0 -39.0 -39.0 -39.0 -31.0 -39.0 -29.0 -39.0 -21.0 -39.0 -19.0 -39.0 -11.0 -39.0 -09.0 -39.0 -01.0 -39.0 001.0 -39.0 009.0 -39.0 011.0 -39.0 019.0 -39.0 021.0 -39.0 029.0 -39.0 031.0 -39.0 039.0 -39.0 041.0 -39.0 049.0 -39.0 051.0 -39.0 
22 -51.0 -41.0 -49.0 -41.0 -41.0 -41.0 -39.0 -41.0 -31.0 -41.0 -29.0 -41.0 -21.0 -41.0 -19.0 -41.0 -11.0 -41.0 -09.0 -41.0 -01.0 -41.0 001.0 -41.0 009.0 -41.0 011.0 -41.0 019.0 -41.0 021.0 -41.0 029.0 -41.0 031.0 -41.0 039.0 -41.0 041.0 -41.0 049.0 -41.0 051.0 -41.0 
22 -51.0 -49.0 -49.0 -49.0 -41.0 -49.0 -39.0 -49.0 -31.0 -49.0 -29.0 -49.0 -21.0 -49.0 -19.0 -49.0 -11.0 -49.0 -09.0 -49.0 -01.0 -49.0 001.0 -49.0 009.0 -49.0 011.0 -49.0 019.0 -49.0 021.0 -49.0 029.0 -49.0 031.0 -49.0 039.0 -49.0 041.0 -49.0 049.0 -49.0 051.0 -49.0 
22 -51.0 -51.0 -49.0 -51.0 -41.0 -51.0 -39.0 -51.0 -31.0 -51.0 -29.0 -51.0 -21.0 -51.0 -19.0 -51.0 -11.0 -51.0 -09.0 -51.0 -01.0 -51.0 001.0 -51.0 009.0 -51.0 011.0 -51.0 019.0 -51.0 021.0 -51.0 029.0 -51.0 031.0 -51.0 039.0 -51.0 041.0 -51.0 049.0 -51.0 051.0 -51.0 
